char1.jpg	582,377,601,404
char2.jpg	573,376,592,404
char3.jpg	560,383,580,404
char4.jpg	545,374,570,400
char5.jpg	393,217,399,229
char6.jpg	382,213,388,225
char7.jpg	378,211,383,224
char8.jpg	374,210,380,221
char9.jpg	370,208,375,219
char10.jpg	536,407,559,429
char11.jpg	521,405,544,428
char12.jpg	506,404,529,428
char13.jpg	145,12,157,29
char14.jpg	157,12,167,23
char15.jpg	166,12,178,28
char16.jpg	178,12,189,23
char17.jpg	147,43,158,55
char18.jpg	158,44,168,55
char19.jpg	167,44,176,55
char20.jpg	176,44,184,54
char21.jpg	373,163,380,176
char22.jpg	361,161,367,173
char23.jpg	357,159,364,172
char24.jpg	377,193,384,207
char25.jpg	373,192,379,205
char26.jpg	368,189,375,203
char27.jpg	577,415,598,442
char28.jpg	570,421,585,442
char29.jpg	561,421,578,441
char30.jpg	550,417,569,440
char31.jpg	186,97,200,121
char32.jpg	197,97,207,119
char33.jpg	219,112,227,128
char34.jpg	385,173,395,193
char35.jpg	381,178,388,192
char36.jpg	376,178,382,191
char37.jpg	371,175,377,188
char38.jpg	482,125,514,156
char39.jpg	517,132,537,153
char40.jpg	538,129,561,153
char41.jpg	495,231,514,255
char42.jpg	502,225,520,249
char43.jpg	510,215,530,240
char44.jpg	508,245,534,277
char45.jpg	523,241,541,265
char46.jpg	539,216,562,245
char47.jpg	551,208,573,236
char48.jpg	561,200,581,225
char49.jpg	526,275,544,299
char50.jpg	545,255,565,279
char51.jpg	553,248,571,272
char52.jpg	561,239,580,263
char53.jpg	569,228,590,255
char54.jpg	579,220,598,245
char55.jpg	538,292,560,320
char56.jpg	546,284,568,312
char57.jpg	555,275,577,303
char58.jpg	554,313,575,340
char59.jpg	564,309,583,333
char60.jpg	572,304,588,325
char61.jpg	532,357,556,378
char62.jpg	551,361,568,377
char63.jpg	563,359,584,380
char64.jpg	40,11,59,31
char65.jpg	62,19,81,40
char66.jpg	83,13,101,32
char67.jpg	364,7,386,29
char68.jpg	378,14,396,34
char69.jpg	409,14,425,29
char70.jpg	422,14,438,29
char71.jpg	434,14,448,29
char72.jpg	475,65,496,85
char73.jpg	496,62,516,81
char74.jpg	520,59,539,78
char75.jpg	540,385,556,402
char76.jpg	553,387,569,403
char77.jpg	566,386,583,402
char78.jpg	10,43,24,62
char79.jpg	25,44,39,62
char80.jpg	39,43,54,61
char81.jpg	526,78,540,94
char82.jpg	540,77,555,91
char83.jpg	555,75,570,89
char84.jpg	524,114,541,129
char85.jpg	542,113,556,127
char86.jpg	554,110,576,127
char87.jpg	360,139,380,164
char88.jpg	373,127,391,150
char89.jpg	383,112,403,137
char90.jpg	396,99,414,122
char91.jpg	374,160,391,182
char92.jpg	384,147,402,170
char93.jpg	404,123,423,147
char94.jpg	417,110,435,133
char95.jpg	99,4,119,20
char96.jpg	117,8,132,20
char97.jpg	128,8,146,24
char98.jpg	167,3,182,20
char99.jpg	322,17,339,33
char100.jpg	338,18,351,31
char101.jpg	349,15,366,30
char102.jpg	468,83,476,96
char103.jpg	476,82,484,96
char104.jpg	494,82,503,94
char105.jpg	511,80,520,92
char106.jpg	467,98,479,111
char107.jpg	480,97,488,110
char108.jpg	487,96,498,110
char109.jpg	498,95,508,109
char110.jpg	508,94,518,108
char111.jpg	528,92,538,106
char112.jpg	380,179,407,213
char113.jpg	397,162,424,195
char114.jpg	415,142,440,174
char115.jpg	430,126,456,159
char116.jpg	447,110,472,143
char117.jpg	520,379,531,387
char118.jpg	528,379,539,387
char119.jpg	535,378,548,388
char120.jpg	514,398,528,411
char121.jpg	524,402,536,411
char122.jpg	533,402,545,411
char123.jpg	541,401,554,411
char124.jpg	450,9,463,20
char125.jpg	460,9,471,20
char126.jpg	482,9,494,20
char127.jpg	489,7,504,20
char128.jpg	502,9,514,20
char129.jpg	509,9,524,20
char130.jpg	521,7,536,20
char131.jpg	3,8,17,22
char132.jpg	17,8,29,22
char133.jpg	29,8,44,22
char134.jpg	67,8,84,23
char135.jpg	83,8,95,23
char136.jpg	539,6,553,23
char137.jpg	564,6,579,23
char138.jpg	547,36,557,53
char139.jpg	552,36,565,53
char140.jpg	562,36,575,52
char141.jpg	305,13,319,36
char142.jpg	309,41,321,58
char143.jpg	311,57,325,77
char144.jpg	343,14,377,58
char145.jpg	374,34,402,70
char146.jpg	394,33,425,69
char147.jpg	125,10,145,30
char148.jpg	147,9,165,28
char149.jpg	167,11,184,28
char150.jpg	186,11,202,29
char151.jpg	203,6,223,34
char152.jpg	513,5,526,21
char153.jpg	524,10,533,21
char154.jpg	530,10,542,25
char155.jpg	519,36,529,47
char156.jpg	526,36,534,47
char157.jpg	532,36,544,49
char158.jpg	553,23,566,35
char159.jpg	572,23,584,35
char160.jpg	333,50,355,74
char161.jpg	353,59,366,74
char162.jpg	364,59,381,80
char163.jpg	367,15,380,34
char164.jpg	375,15,390,34
char165.jpg	388,13,404,33
char166.jpg	262,41,283,60
char167.jpg	279,45,295,59
char168.jpg	293,44,312,63
char169.jpg	75,218,95,233
char170.jpg	83,214,106,230
char171.jpg	98,217,121,231
char172.jpg	115,222,133,234
char173.jpg	128,224,151,239
char174.jpg	146,230,172,246
char175.jpg	218,364,234,380
char176.jpg	233,367,247,380
char177.jpg	247,368,259,380
char178.jpg	259,359,273,379
char179.jpg	271,361,288,377
char180.jpg	186,38,203,65
char181.jpg	198,33,215,60
char182.jpg	209,28,225,55
char183.jpg	197,78,214,98
char184.jpg	211,73,225,93
char185.jpg	220,67,240,90
char186.jpg	80,233,102,249
char187.jpg	96,241,117,254
char188.jpg	107,243,130,260
char189.jpg	131,245,153,261
char190.jpg	139,246,166,264
char191.jpg	181,60,198,83
char192.jpg	193,61,205,79
char193.jpg	202,57,216,79
char194.jpg	221,43,236,66
char195.jpg	231,39,245,62
char196.jpg	245,382,255,395
char197.jpg	255,382,264,392
char198.jpg	263,382,272,393
char199.jpg	270,382,281,395
char200.jpg	281,382,289,392
char201.jpg	288,382,297,394
char202.jpg	306,383,315,392
char203.jpg	315,382,323,392
char204.jpg	212,336,228,357
char205.jpg	227,338,239,358
char206.jpg	239,337,253,358
char207.jpg	181,353,207,379
char208.jpg	202,348,227,375
char209.jpg	223,342,248,367
char210.jpg	172,306,194,335
char211.jpg	191,304,224,329
char212.jpg	221,299,242,320
char213.jpg	168,278,194,305
char214.jpg	188,273,210,292
char215.jpg	207,266,228,286
char216.jpg	224,263,243,280
char217.jpg	235,255,268,276
char218.jpg	12,235,33,263
char219.jpg	20,251,34,274
char220.jpg	21,267,35,287
char221.jpg	53,218,67,235
char222.jpg	55,229,68,245
char223.jpg	50,240,70,262
char224.jpg	58,250,73,271
char225.jpg	294,450,310,469
char226.jpg	286,465,300,483
char227.jpg	7,271,21,290
char228.jpg	7,283,22,301
char229.jpg	7,292,22,311
char230.jpg	33,243,47,260
char231.jpg	34,254,48,270
char232.jpg	35,262,48,278
char233.jpg	35,272,49,289
char234.jpg	36,280,50,301
char235.jpg	141,375,157,397
char236.jpg	156,372,171,393
char237.jpg	167,368,184,390
char238.jpg	140,342,154,361
char239.jpg	150,332,167,358
char240.jpg	167,334,182,353
char241.jpg	179,331,193,349
char242.jpg	188,328,204,346
char243.jpg	202,322,224,343
char244.jpg	218,318,237,338
char245.jpg	49,269,61,286
char246.jpg	50,279,63,298
char247.jpg	51,291,64,309
char248.jpg	80,252,93,267
char249.jpg	81,261,93,276
char250.jpg	83,270,95,286
char251.jpg	119,237,144,270
char252.jpg	114,234,132,258
char253.jpg	103,222,126,251
char254.jpg	100,207,121,233
char255.jpg	195,287,212,306
char256.jpg	227,276,247,296
char257.jpg	242,272,262,291
char258.jpg	254,268,275,287
char259.jpg	187,256,202,273
char260.jpg	198,248,215,268
char261.jpg	209,241,237,270
char262.jpg	230,241,248,258
char263.jpg	69,218,88,237
char264.jpg	71,230,89,248
char265.jpg	73,240,92,261
char266.jpg	412,40,433,61
char267.jpg	429,36,446,54
char268.jpg	443,28,461,48
char269.jpg	50,112,64,134
char270.jpg	62,119,74,135
char271.jpg	75,122,88,144
char272.jpg	96,207,131,226
char273.jpg	119,182,143,197
char274.jpg	126,171,152,189
char275.jpg	369,59,388,79
char276.jpg	385,54,402,72
char277.jpg	396,47,416,67
char278.jpg	85,122,97,146
char279.jpg	97,126,110,149
char280.jpg	110,123,122,147
char281.jpg	126,206,145,216
char282.jpg	131,198,151,210
char283.jpg	139,190,157,201
char284.jpg	144,181,165,195
char285.jpg	152,173,172,186
char286.jpg	90,193,121,209
char287.jpg	98,186,118,197
char288.jpg	104,179,124,190
char289.jpg	62,103,78,121
char290.jpg	80,107,92,123
char291.jpg	90,106,103,123
char292.jpg	317,42,343,71
char293.jpg	335,52,354,72
char294.jpg	346,54,370,81
char295.jpg	393,122,410,136
char296.jpg	389,105,406,121
char297.jpg	383,86,402,103
char298.jpg	421,181,435,200
char299.jpg	418,173,429,186
char300.jpg	416,162,427,176
char301.jpg	407,126,420,147
char302.jpg	387,177,406,198
char303.jpg	383,164,403,182
char304.jpg	378,148,397,164
char305.jpg	372,131,394,151
char306.jpg	265,11,279,36
char307.jpg	278,11,297,36
char308.jpg	295,11,314,36
char309.jpg	315,11,333,36
char310.jpg	332,11,347,36
char311.jpg	345,11,365,37
char312.jpg	364,11,382,37
char313.jpg	266,43,282,69
char314.jpg	281,44,298,69
char315.jpg	297,44,316,70
char316.jpg	315,44,334,70
char317.jpg	333,44,353,70
char318.jpg	352,44,379,70
char319.jpg	378,44,395,70
char320.jpg	217,76,236,102
char321.jpg	236,76,253,102
char322.jpg	252,76,270,103
char323.jpg	271,77,288,103
char324.jpg	286,77,309,103
char325.jpg	333,77,348,104
char326.jpg	371,78,391,104
char327.jpg	391,78,407,105
char328.jpg	404,72,425,105
char329.jpg	269,111,278,125
char330.jpg	278,111,291,125
char331.jpg	290,112,302,125
char332.jpg	301,112,314,125
char333.jpg	313,112,326,130
char334.jpg	325,112,337,126
char335.jpg	335,112,348,126
char336.jpg	365,108,382,126
char337.jpg	381,113,394,127
char338.jpg	394,113,409,127
char339.jpg	408,113,421,127
char340.jpg	421,114,433,127
char341.jpg	303,137,314,151
char342.jpg	313,137,327,151
char343.jpg	344,138,355,151
char344.jpg	354,138,367,152
char345.jpg	366,138,378,152
char346.jpg	378,138,391,152
char347.jpg	389,139,401,152
char348.jpg	401,139,415,153
char349.jpg	298,151,318,171
char350.jpg	320,154,340,172
char351.jpg	340,155,361,173
char352.jpg	361,154,381,172
char353.jpg	380,151,406,170
char354.jpg	321,175,337,192
char355.jpg	333,184,351,204
char356.jpg	349,189,365,207
char357.jpg	364,192,376,207
char358.jpg	378,193,390,207
char359.jpg	388,191,402,211
char360.jpg	406,188,420,205
char361.jpg	419,183,437,200
char362.jpg	424,26,438,48
char363.jpg	433,26,447,48
char364.jpg	462,31,476,48
char365.jpg	419,48,440,69
char366.jpg	439,53,452,70
char367.jpg	447,53,464,70
char368.jpg	418,74,431,91
char369.jpg	428,74,444,91
char370.jpg	443,74,457,91
char371.jpg	454,74,467,91
char372.jpg	85,423,104,437
char373.jpg	102,423,119,437
char374.jpg	118,421,138,436
char375.jpg	490,298,509,324
char376.jpg	503,298,522,325
char377.jpg	516,303,534,327
char378.jpg	528,305,552,332
char379.jpg	403,396,422,443
char380.jpg	441,396,476,443
char381.jpg	472,411,494,443
char382.jpg	65,370,84,382
char383.jpg	81,370,98,383
char384.jpg	94,370,115,386
char385.jpg	68,396,94,417
char386.jpg	93,402,110,414
char387.jpg	125,403,143,415
char388.jpg	544,265,564,302
char389.jpg	553,269,571,303
char390.jpg	560,270,581,307
char391.jpg	502,377,520,407
char392.jpg	515,379,533,407
char393.jpg	530,379,550,409
char394.jpg	128,414,145,427
char395.jpg	146,416,159,426
char396.jpg	158,414,175,425
char397.jpg	544,304,561,332
char398.jpg	566,309,588,337
char399.jpg	577,319,593,338
char400.jpg	586,323,601,340
char401.jpg	452,353,471,379
char402.jpg	467,346,488,373
char403.jpg	486,346,506,370
char404.jpg	504,348,520,370
char405.jpg	518,348,538,373
char406.jpg	535,351,559,379
char407.jpg	507,426,520,443
char408.jpg	528,426,540,443
char409.jpg	537,426,547,441
char410.jpg	542,422,555,441
char411.jpg	551,426,566,449
char412.jpg	418,385,426,398
char413.jpg	432,384,442,400
char414.jpg	441,386,450,402
char415.jpg	448,384,456,396
char416.jpg	454,384,463,396
char417.jpg	462,386,470,396
char418.jpg	469,384,476,396
char419.jpg	474,379,484,396
char420.jpg	481,384,491,398
char421.jpg	490,386,499,396
char422.jpg	496,384,506,396
char423.jpg	491,68,504,83
char424.jpg	505,69,517,84
char425.jpg	516,70,528,86
char426.jpg	491,94,506,106
char427.jpg	505,95,517,107
char428.jpg	516,97,529,108
char429.jpg	17,7,83,63
char430.jpg	71,24,121,63
char431.jpg	110,24,171,80
char432.jpg	556,11,568,26
char433.jpg	568,8,580,22
char434.jpg	581,5,591,19
char435.jpg	557,33,568,45
char436.jpg	569,30,582,42
char437.jpg	580,27,591,42
char438.jpg	556,53,569,68
char439.jpg	570,49,581,61
char440.jpg	580,46,591,59
char441.jpg	277,19,294,32
char442.jpg	291,21,304,32
char443.jpg	314,22,330,32
char444.jpg	328,22,342,32
char445.jpg	340,22,354,32
char446.jpg	351,22,368,35
char447.jpg	379,22,393,32
char448.jpg	390,22,408,32
char449.jpg	405,22,421,35
char450.jpg	420,22,434,33
char451.jpg	432,22,445,33
char452.jpg	443,22,460,33
char453.jpg	458,22,473,33
char454.jpg	470,22,485,33
char455.jpg	56,73,93,103
char456.jpg	85,82,109,103
char457.jpg	105,84,131,104
char458.jpg	126,82,152,103
char459.jpg	346,5,366,20
char460.jpg	364,5,382,20
char461.jpg	401,4,422,20
char462.jpg	420,5,440,20
char463.jpg	296,42,313,57
char464.jpg	310,42,332,57
char465.jpg	326,42,352,62
char466.jpg	352,42,370,58
char467.jpg	365,43,385,58
char468.jpg	383,43,404,58
char469.jpg	423,43,442,58
char470.jpg	439,43,460,59
char471.jpg	69,5,92,19
char472.jpg	89,10,101,19
char473.jpg	112,10,128,24
char474.jpg	125,10,139,20
char475.jpg	135,10,154,23
char476.jpg	150,10,163,20
char477.jpg	160,10,172,20
char478.jpg	168,10,184,20
char479.jpg	181,10,199,20
char480.jpg	197,10,210,20
char481.jpg	513,44,524,61
char482.jpg	526,40,540,57
char483.jpg	540,36,554,52
char484.jpg	267,66,278,75
char485.jpg	276,66,289,75
char486.jpg	298,67,309,75
char487.jpg	306,67,319,78
char488.jpg	318,67,329,75
char489.jpg	338,67,349,76
char490.jpg	348,67,360,76
char491.jpg	358,68,369,76
char492.jpg	367,68,377,76
char493.jpg	376,68,386,76
char494.jpg	385,68,397,76
char495.jpg	394,68,405,77
char496.jpg	505,3,521,18
char497.jpg	520,4,531,14
char498.jpg	533,0,544,13
char1.jpg	582,377,601,404
char2.jpg	573,376,592,404
char3.jpg	560,383,580,404
char4.jpg	545,374,570,400
char5.jpg	393,217,399,229
char6.jpg	382,213,388,225
char7.jpg	378,211,383,224
char8.jpg	374,210,380,221
char9.jpg	370,208,375,219
char10.jpg	536,407,559,429
char11.jpg	521,405,544,428
char12.jpg	506,404,529,428
char13.jpg	145,12,157,29
char14.jpg	157,12,167,23
char15.jpg	166,12,178,28
char16.jpg	178,12,189,23
char17.jpg	147,43,158,55
char18.jpg	158,44,168,55
char19.jpg	167,44,176,55
char20.jpg	176,44,184,54
char21.jpg	373,163,380,176
char22.jpg	361,161,367,173
char23.jpg	357,159,364,172
char24.jpg	377,193,384,207
char25.jpg	373,192,379,205
char26.jpg	368,189,375,203
char27.jpg	577,415,598,442
char28.jpg	570,421,585,442
char29.jpg	561,421,578,441
char30.jpg	550,417,569,440
char31.jpg	186,97,200,121
char32.jpg	197,97,207,119
char33.jpg	219,112,227,128
char34.jpg	385,173,395,193
char35.jpg	381,178,388,192
char36.jpg	376,178,382,191
char37.jpg	371,175,377,188
char38.jpg	482,125,514,156
char39.jpg	517,132,537,153
char40.jpg	538,129,561,153
char41.jpg	495,231,514,255
char42.jpg	502,225,520,249
char43.jpg	510,215,530,240
char44.jpg	508,245,534,277
char45.jpg	523,241,541,265
char46.jpg	539,216,562,245
char47.jpg	551,208,573,236
char48.jpg	561,200,581,225
char49.jpg	526,275,544,299
char50.jpg	545,255,565,279
char51.jpg	553,248,571,272
char52.jpg	561,239,580,263
char53.jpg	569,228,590,255
char54.jpg	579,220,598,245
char55.jpg	538,292,560,320
char56.jpg	546,284,568,312
char57.jpg	555,275,577,303
char58.jpg	554,313,575,340
char59.jpg	564,309,583,333
char60.jpg	572,304,588,325
char61.jpg	532,357,556,378
char62.jpg	551,361,568,377
char63.jpg	563,359,584,380
char64.jpg	40,11,59,31
char65.jpg	62,19,81,40
char66.jpg	83,13,101,32
char67.jpg	364,7,386,29
char68.jpg	378,14,396,34
char69.jpg	409,14,425,29
char70.jpg	422,14,438,29
char71.jpg	434,14,448,29
char72.jpg	475,65,496,85
char73.jpg	496,62,516,81
char74.jpg	520,59,539,78
char75.jpg	540,385,556,402
char76.jpg	553,387,569,403
char77.jpg	566,386,583,402
char78.jpg	10,43,24,62
char79.jpg	25,44,39,62
char80.jpg	39,43,54,61
char81.jpg	526,78,540,94
char82.jpg	540,77,555,91
char83.jpg	555,75,570,89
char84.jpg	524,114,541,129
char85.jpg	542,113,556,127
char86.jpg	554,110,576,127
char87.jpg	360,139,380,164
char88.jpg	373,127,391,150
char89.jpg	383,112,403,137
char90.jpg	396,99,414,122
char91.jpg	374,160,391,182
char92.jpg	384,147,402,170
char93.jpg	404,123,423,147
char94.jpg	417,110,435,133
char95.jpg	99,4,119,20
char96.jpg	117,8,132,20
char97.jpg	128,8,146,24
char98.jpg	167,3,182,20
char99.jpg	322,17,339,33
char100.jpg	338,18,351,31
char101.jpg	349,15,366,30
char102.jpg	468,83,476,96
char103.jpg	476,82,484,96
char104.jpg	494,82,503,94
char105.jpg	511,80,520,92
char106.jpg	467,98,479,111
char107.jpg	480,97,488,110
char108.jpg	487,96,498,110
char109.jpg	498,95,508,109
char110.jpg	508,94,518,108
char111.jpg	528,92,538,106
char112.jpg	380,179,407,213
char113.jpg	397,162,424,195
char114.jpg	415,142,440,174
char115.jpg	430,126,456,159
char116.jpg	447,110,472,143
char117.jpg	520,379,531,387
char118.jpg	528,379,539,387
char119.jpg	535,378,548,388
char120.jpg	514,398,528,411
char121.jpg	524,402,536,411
char122.jpg	533,402,545,411
char123.jpg	541,401,554,411
char124.jpg	450,9,463,20
char125.jpg	460,9,471,20
char126.jpg	482,9,494,20
char127.jpg	489,7,504,20
char128.jpg	502,9,514,20
char129.jpg	509,9,524,20
char130.jpg	521,7,536,20
char131.jpg	3,8,17,22
char132.jpg	17,8,29,22
char133.jpg	29,8,44,22
char134.jpg	67,8,84,23
char135.jpg	83,8,95,23
char136.jpg	539,6,553,23
char137.jpg	564,6,579,23
char138.jpg	547,36,557,53
char139.jpg	552,36,565,53
char140.jpg	562,36,575,52
char141.jpg	305,13,319,36
char142.jpg	309,41,321,58
char143.jpg	311,57,325,77
char144.jpg	343,14,377,58
char145.jpg	374,34,402,70
char146.jpg	394,33,425,69
char147.jpg	125,10,145,30
char148.jpg	147,9,165,28
char149.jpg	167,11,184,28
char150.jpg	186,11,202,29
char151.jpg	203,6,223,34
char152.jpg	513,5,526,21
char153.jpg	524,10,533,21
char154.jpg	530,10,542,25
char155.jpg	519,36,529,47
char156.jpg	526,36,534,47
char157.jpg	532,36,544,49
char158.jpg	553,23,566,35
char159.jpg	572,23,584,35
char160.jpg	333,50,355,74
char161.jpg	353,59,366,74
char162.jpg	364,59,381,80
char163.jpg	367,15,380,34
char164.jpg	375,15,390,34
char165.jpg	388,13,404,33
char166.jpg	262,41,283,60
char167.jpg	279,45,295,59
char168.jpg	293,44,312,63
char169.jpg	75,218,95,233
char170.jpg	83,214,106,230
char171.jpg	98,217,121,231
char172.jpg	115,222,133,234
char173.jpg	128,224,151,239
char174.jpg	146,230,172,246
char175.jpg	218,364,234,380
char176.jpg	233,367,247,380
char177.jpg	247,368,259,380
char178.jpg	259,359,273,379
char179.jpg	271,361,288,377
char180.jpg	186,38,203,65
char181.jpg	198,33,215,60
char182.jpg	209,28,225,55
char183.jpg	197,78,214,98
char184.jpg	211,73,225,93
char185.jpg	220,67,240,90
char186.jpg	80,233,102,249
char187.jpg	96,241,117,254
char188.jpg	107,243,130,260
char189.jpg	131,245,153,261
char190.jpg	139,246,166,264
char191.jpg	181,60,198,83
char192.jpg	193,61,205,79
char193.jpg	202,57,216,79
char194.jpg	221,43,236,66
char195.jpg	231,39,245,62
char196.jpg	245,382,255,395
char197.jpg	255,382,264,392
char198.jpg	263,382,272,393
char199.jpg	270,382,281,395
char200.jpg	281,382,289,392
char201.jpg	288,382,297,394
char202.jpg	306,383,315,392
char203.jpg	315,382,323,392
char204.jpg	212,336,228,357
char205.jpg	227,338,239,358
char206.jpg	239,337,253,358
char207.jpg	181,353,207,379
char208.jpg	202,348,227,375
char209.jpg	223,342,248,367
char210.jpg	172,306,194,335
char211.jpg	191,304,224,329
char212.jpg	221,299,242,320
char213.jpg	168,278,194,305
char214.jpg	188,273,210,292
char215.jpg	207,266,228,286
char216.jpg	224,263,243,280
char217.jpg	235,255,268,276
char218.jpg	12,235,33,263
char219.jpg	20,251,34,274
char220.jpg	21,267,35,287
char221.jpg	53,218,67,235
char222.jpg	55,229,68,245
char223.jpg	50,240,70,262
char224.jpg	58,250,73,271
char225.jpg	294,450,310,469
char226.jpg	286,465,300,483
char227.jpg	7,271,21,290
char228.jpg	7,283,22,301
char229.jpg	7,292,22,311
char230.jpg	33,243,47,260
char231.jpg	34,254,48,270
char232.jpg	35,262,48,278
char233.jpg	35,272,49,289
char234.jpg	36,280,50,301
char235.jpg	141,375,157,397
char236.jpg	156,372,171,393
char237.jpg	167,368,184,390
char238.jpg	140,342,154,361
char239.jpg	150,332,167,358
char240.jpg	167,334,182,353
char241.jpg	179,331,193,349
char242.jpg	188,328,204,346
char243.jpg	202,322,224,343
char244.jpg	218,318,237,338
char245.jpg	49,269,61,286
char246.jpg	50,279,63,298
char247.jpg	51,291,64,309
char248.jpg	80,252,93,267
char249.jpg	81,261,93,276
char250.jpg	83,270,95,286
char251.jpg	119,237,144,270
char252.jpg	114,234,132,258
char253.jpg	103,222,126,251
char254.jpg	100,207,121,233
char255.jpg	195,287,212,306
char256.jpg	227,276,247,296
char257.jpg	242,272,262,291
char258.jpg	254,268,275,287
char259.jpg	187,256,202,273
char260.jpg	198,248,215,268
char261.jpg	209,241,237,270
char262.jpg	230,241,248,258
char263.jpg	69,218,88,237
char264.jpg	71,230,89,248
char265.jpg	73,240,92,261
char266.jpg	412,40,433,61
char267.jpg	429,36,446,54
char268.jpg	443,28,461,48
char269.jpg	50,112,64,134
char270.jpg	62,119,74,135
char271.jpg	75,122,88,144
char272.jpg	96,207,131,226
char273.jpg	119,182,143,197
char274.jpg	126,171,152,189
char275.jpg	369,59,388,79
char276.jpg	385,54,402,72
char277.jpg	396,47,416,67
char278.jpg	85,122,97,146
char279.jpg	97,126,110,149
char280.jpg	110,123,122,147
char281.jpg	126,206,145,216
char282.jpg	131,198,151,210
char283.jpg	139,190,157,201
char284.jpg	144,181,165,195
char285.jpg	152,173,172,186
char286.jpg	90,193,121,209
char287.jpg	98,186,118,197
char288.jpg	104,179,124,190
char289.jpg	62,103,78,121
char290.jpg	80,107,92,123
char291.jpg	90,106,103,123
char292.jpg	317,42,343,71
char293.jpg	335,52,354,72
char294.jpg	346,54,370,81
char295.jpg	393,122,410,136
char296.jpg	389,105,406,121
char297.jpg	383,86,402,103
char298.jpg	421,181,435,200
char299.jpg	418,173,429,186
char300.jpg	416,162,427,176
char301.jpg	407,126,420,147
char302.jpg	387,177,406,198
char303.jpg	383,164,403,182
char304.jpg	378,148,397,164
char305.jpg	372,131,394,151
char306.jpg	265,11,279,36
char307.jpg	278,11,297,36
char308.jpg	295,11,314,36
char309.jpg	315,11,333,36
char310.jpg	332,11,347,36
char311.jpg	345,11,365,37
char312.jpg	364,11,382,37
char313.jpg	266,43,282,69
char314.jpg	281,44,298,69
char315.jpg	297,44,316,70
char316.jpg	315,44,334,70
char317.jpg	333,44,353,70
char318.jpg	352,44,379,70
char319.jpg	378,44,395,70
char320.jpg	217,76,236,102
char321.jpg	236,76,253,102
char322.jpg	252,76,270,103
char323.jpg	271,77,288,103
char324.jpg	286,77,309,103
char325.jpg	333,77,348,104
char326.jpg	371,78,391,104
char327.jpg	391,78,407,105
char328.jpg	404,72,425,105
char329.jpg	269,111,278,125
char330.jpg	278,111,291,125
char331.jpg	290,112,302,125
char332.jpg	301,112,314,125
char333.jpg	313,112,326,130
char334.jpg	325,112,337,126
char335.jpg	335,112,348,126
char336.jpg	365,108,382,126
char337.jpg	381,113,394,127
char338.jpg	394,113,409,127
char339.jpg	408,113,421,127
char340.jpg	421,114,433,127
char341.jpg	303,137,314,151
char342.jpg	313,137,327,151
char343.jpg	344,138,355,151
char344.jpg	354,138,367,152
char345.jpg	366,138,378,152
char346.jpg	378,138,391,152
char347.jpg	389,139,401,152
char348.jpg	401,139,415,153
char349.jpg	298,151,318,171
char350.jpg	320,154,340,172
char351.jpg	340,155,361,173
char352.jpg	361,154,381,172
char353.jpg	380,151,406,170
char354.jpg	321,175,337,192
char355.jpg	333,184,351,204
char356.jpg	349,189,365,207
char357.jpg	364,192,376,207
char358.jpg	378,193,390,207
char359.jpg	388,191,402,211
char360.jpg	406,188,420,205
char361.jpg	419,183,437,200
char362.jpg	424,26,438,48
char363.jpg	433,26,447,48
char364.jpg	462,31,476,48
char365.jpg	419,48,440,69
char366.jpg	439,53,452,70
char367.jpg	447,53,464,70
char368.jpg	418,74,431,91
char369.jpg	428,74,444,91
char370.jpg	443,74,457,91
char371.jpg	454,74,467,91
char372.jpg	85,423,104,437
char373.jpg	102,423,119,437
char374.jpg	118,421,138,436
char375.jpg	490,298,509,324
char376.jpg	503,298,522,325
char377.jpg	516,303,534,327
char378.jpg	528,305,552,332
char379.jpg	403,396,422,443
char380.jpg	441,396,476,443
char381.jpg	472,411,494,443
char382.jpg	65,370,84,382
char383.jpg	81,370,98,383
char384.jpg	94,370,115,386
char385.jpg	68,396,94,417
char386.jpg	93,402,110,414
char387.jpg	125,403,143,415
char388.jpg	544,265,564,302
char389.jpg	553,269,571,303
char390.jpg	560,270,581,307
char391.jpg	502,377,520,407
char392.jpg	515,379,533,407
char393.jpg	530,379,550,409
char394.jpg	128,414,145,427
char395.jpg	146,416,159,426
char396.jpg	158,414,175,425
char397.jpg	544,304,561,332
char398.jpg	566,309,588,337
char399.jpg	577,319,593,338
char400.jpg	586,323,601,340
char401.jpg	452,353,471,379
char402.jpg	467,346,488,373
char403.jpg	486,346,506,370
char404.jpg	504,348,520,370
char405.jpg	518,348,538,373
char406.jpg	535,351,559,379
char407.jpg	507,426,520,443
char408.jpg	528,426,540,443
char409.jpg	537,426,547,441
char410.jpg	542,422,555,441
char411.jpg	551,426,566,449
char412.jpg	418,385,426,398
char413.jpg	432,384,442,400
char414.jpg	441,386,450,402
char415.jpg	448,384,456,396
char416.jpg	454,384,463,396
char417.jpg	462,386,470,396
char418.jpg	469,384,476,396
char419.jpg	474,379,484,396
char420.jpg	481,384,491,398
char421.jpg	490,386,499,396
char422.jpg	496,384,506,396
char423.jpg	491,68,504,83
char424.jpg	505,69,517,84
char425.jpg	516,70,528,86
char426.jpg	491,94,506,106
char427.jpg	505,95,517,107
char428.jpg	516,97,529,108
char429.jpg	17,7,83,63
char430.jpg	71,24,121,63
char431.jpg	110,24,171,80
char432.jpg	556,11,568,26
char433.jpg	568,8,580,22
char434.jpg	581,5,591,19
char435.jpg	557,33,568,45
char436.jpg	569,30,582,42
char437.jpg	580,27,591,42
char438.jpg	556,53,569,68
char439.jpg	570,49,581,61
char440.jpg	580,46,591,59
char441.jpg	277,19,294,32
char442.jpg	291,21,304,32
char443.jpg	314,22,330,32
char444.jpg	328,22,342,32
char445.jpg	340,22,354,32
char446.jpg	351,22,368,35
char447.jpg	379,22,393,32
char448.jpg	390,22,408,32
char449.jpg	405,22,421,35
char450.jpg	420,22,434,33
char451.jpg	432,22,445,33
char452.jpg	443,22,460,33
char453.jpg	458,22,473,33
char454.jpg	470,22,485,33
char455.jpg	56,73,93,103
char456.jpg	85,82,109,103
char457.jpg	105,84,131,104
char458.jpg	126,82,152,103
char459.jpg	346,5,366,20
char460.jpg	364,5,382,20
char461.jpg	401,4,422,20
char462.jpg	420,5,440,20
char463.jpg	296,42,313,57
char464.jpg	310,42,332,57
char465.jpg	326,42,352,62
char466.jpg	352,42,370,58
char467.jpg	365,43,385,58
char468.jpg	383,43,404,58
char469.jpg	423,43,442,58
char470.jpg	439,43,460,59
char471.jpg	69,5,92,19
char472.jpg	89,10,101,19
char473.jpg	112,10,128,24
char474.jpg	125,10,139,20
char475.jpg	135,10,154,23
char476.jpg	150,10,163,20
char477.jpg	160,10,172,20
char478.jpg	168,10,184,20
char479.jpg	181,10,199,20
char480.jpg	197,10,210,20
char481.jpg	513,44,524,61
char482.jpg	526,40,540,57
char483.jpg	540,36,554,52
char484.jpg	267,66,278,75
char485.jpg	276,66,289,75
char486.jpg	298,67,309,75
char487.jpg	306,67,319,78
char488.jpg	318,67,329,75
char489.jpg	338,67,349,76
char490.jpg	348,67,360,76
char491.jpg	358,68,369,76
char492.jpg	367,68,377,76
char493.jpg	376,68,386,76
char494.jpg	385,68,397,76
char495.jpg	394,68,405,77
char496.jpg	505,3,521,18
char497.jpg	520,4,531,14
char498.jpg	533,0,544,13
char1.jpg	582,377,601,404
char2.jpg	573,376,592,404
char3.jpg	560,383,580,404
char4.jpg	545,374,570,400
char5.jpg	393,217,399,229
char6.jpg	382,213,388,225
char7.jpg	378,211,383,224
char8.jpg	374,210,380,221
char9.jpg	370,208,375,219
char10.jpg	536,407,559,429
char11.jpg	521,405,544,428
char12.jpg	506,404,529,428
char13.jpg	145,12,157,29
char14.jpg	157,12,167,23
char15.jpg	166,12,178,28
char16.jpg	178,12,189,23
char17.jpg	147,43,158,55
char18.jpg	158,44,168,55
char19.jpg	167,44,176,55
char20.jpg	176,44,184,54
char21.jpg	373,163,380,176
char22.jpg	361,161,367,173
char23.jpg	357,159,364,172
char24.jpg	377,193,384,207
char25.jpg	373,192,379,205
char26.jpg	368,189,375,203
char27.jpg	577,415,598,442
char28.jpg	570,421,585,442
char29.jpg	561,421,578,441
char30.jpg	550,417,569,440
char31.jpg	186,97,200,121
char32.jpg	197,97,207,119
char33.jpg	219,112,227,128
char34.jpg	385,173,395,193
char35.jpg	381,178,388,192
char36.jpg	376,178,382,191
char37.jpg	371,175,377,188
char38.jpg	482,125,514,156
char39.jpg	517,132,537,153
char40.jpg	538,129,561,153
char41.jpg	495,231,514,255
char42.jpg	502,225,520,249
char43.jpg	510,215,530,240
char44.jpg	508,245,534,277
char45.jpg	523,241,541,265
char46.jpg	539,216,562,245
char47.jpg	551,208,573,236
char48.jpg	561,200,581,225
char49.jpg	526,275,544,299
char50.jpg	545,255,565,279
char51.jpg	553,248,571,272
char52.jpg	561,239,580,263
char53.jpg	569,228,590,255
char54.jpg	579,220,598,245
char55.jpg	538,292,560,320
char56.jpg	546,284,568,312
char57.jpg	555,275,577,303
char58.jpg	554,313,575,340
char59.jpg	564,309,583,333
char60.jpg	572,304,588,325
char61.jpg	532,357,556,378
char62.jpg	551,361,568,377
char63.jpg	563,359,584,380
char64.jpg	40,11,59,31
char65.jpg	62,19,81,40
char66.jpg	83,13,101,32
char67.jpg	364,7,386,29
char68.jpg	378,14,396,34
char69.jpg	409,14,425,29
char70.jpg	422,14,438,29
char71.jpg	434,14,448,29
char72.jpg	475,65,496,85
char73.jpg	496,62,516,81
char74.jpg	520,59,539,78
char75.jpg	540,385,556,402
char76.jpg	553,387,569,403
char77.jpg	566,386,583,402
char78.jpg	10,43,24,62
char79.jpg	25,44,39,62
char80.jpg	39,43,54,61
char81.jpg	526,78,540,94
char82.jpg	540,77,555,91
char83.jpg	555,75,570,89
char84.jpg	524,114,541,129
char85.jpg	542,113,556,127
char86.jpg	554,110,576,127
char87.jpg	360,139,380,164
char88.jpg	373,127,391,150
char89.jpg	383,112,403,137
char90.jpg	396,99,414,122
char91.jpg	374,160,391,182
char92.jpg	384,147,402,170
char93.jpg	404,123,423,147
char94.jpg	417,110,435,133
char95.jpg	99,4,119,20
char96.jpg	117,8,132,20
char97.jpg	128,8,146,24
char98.jpg	167,3,182,20
char99.jpg	322,17,339,33
char100.jpg	338,18,351,31
char101.jpg	349,15,366,30
char102.jpg	468,83,476,96
char103.jpg	476,82,484,96
char104.jpg	494,82,503,94
char105.jpg	511,80,520,92
char106.jpg	467,98,479,111
char107.jpg	480,97,488,110
char108.jpg	487,96,498,110
char109.jpg	498,95,508,109
char110.jpg	508,94,518,108
char111.jpg	528,92,538,106
char112.jpg	380,179,407,213
char113.jpg	397,162,424,195
char114.jpg	415,142,440,174
char115.jpg	430,126,456,159
char116.jpg	447,110,472,143
char117.jpg	520,379,531,387
char118.jpg	528,379,539,387
char119.jpg	535,378,548,388
char120.jpg	514,398,528,411
char121.jpg	524,402,536,411
char122.jpg	533,402,545,411
char123.jpg	541,401,554,411
char124.jpg	450,9,463,20
char125.jpg	460,9,471,20
char126.jpg	482,9,494,20
char127.jpg	489,7,504,20
char128.jpg	502,9,514,20
char129.jpg	509,9,524,20
char130.jpg	521,7,536,20
char131.jpg	3,8,17,22
char132.jpg	17,8,29,22
char133.jpg	29,8,44,22
char134.jpg	67,8,84,23
char135.jpg	83,8,95,23
char136.jpg	539,6,553,23
char137.jpg	564,6,579,23
char138.jpg	547,36,557,53
char139.jpg	552,36,565,53
char140.jpg	562,36,575,52
char141.jpg	305,13,319,36
char142.jpg	309,41,321,58
char143.jpg	311,57,325,77
char144.jpg	343,14,377,58
char145.jpg	374,34,402,70
char146.jpg	394,33,425,69
char147.jpg	125,10,145,30
char148.jpg	147,9,165,28
char149.jpg	167,11,184,28
char150.jpg	186,11,202,29
char151.jpg	203,6,223,34
char152.jpg	513,5,526,21
char153.jpg	524,10,533,21
char154.jpg	530,10,542,25
char155.jpg	519,36,529,47
char156.jpg	526,36,534,47
char157.jpg	532,36,544,49
char158.jpg	553,23,566,35
char159.jpg	572,23,584,35
char160.jpg	333,50,355,74
char161.jpg	353,59,366,74
char162.jpg	364,59,381,80
char163.jpg	367,15,380,34
char164.jpg	375,15,390,34
char165.jpg	388,13,404,33
char166.jpg	262,41,283,60
char167.jpg	279,45,295,59
char168.jpg	293,44,312,63
char169.jpg	75,218,95,233
char170.jpg	83,214,106,230
char171.jpg	98,217,121,231
char172.jpg	115,222,133,234
char173.jpg	128,224,151,239
char174.jpg	146,230,172,246
char175.jpg	218,364,234,380
char176.jpg	233,367,247,380
char177.jpg	247,368,259,380
char178.jpg	259,359,273,379
char179.jpg	271,361,288,377
char180.jpg	186,38,203,65
char181.jpg	198,33,215,60
char182.jpg	209,28,225,55
char183.jpg	197,78,214,98
char184.jpg	211,73,225,93
char185.jpg	220,67,240,90
char186.jpg	80,233,102,249
char187.jpg	96,241,117,254
char188.jpg	107,243,130,260
char189.jpg	131,245,153,261
char190.jpg	139,246,166,264
char191.jpg	181,60,198,83
char192.jpg	193,61,205,79
char193.jpg	202,57,216,79
char194.jpg	221,43,236,66
char195.jpg	231,39,245,62
char196.jpg	245,382,255,395
char197.jpg	255,382,264,392
char198.jpg	263,382,272,393
char199.jpg	270,382,281,395
char200.jpg	281,382,289,392
char201.jpg	288,382,297,394
char202.jpg	306,383,315,392
char203.jpg	315,382,323,392
char204.jpg	212,336,228,357
char205.jpg	227,338,239,358
char206.jpg	239,337,253,358
char207.jpg	181,353,207,379
char208.jpg	202,348,227,375
char209.jpg	223,342,248,367
char210.jpg	172,306,194,335
char211.jpg	191,304,224,329
char212.jpg	221,299,242,320
char213.jpg	168,278,194,305
char214.jpg	188,273,210,292
char215.jpg	207,266,228,286
char216.jpg	224,263,243,280
char217.jpg	235,255,268,276
char218.jpg	12,235,33,263
char219.jpg	20,251,34,274
char220.jpg	21,267,35,287
char221.jpg	53,218,67,235
char222.jpg	55,229,68,245
char223.jpg	50,240,70,262
char224.jpg	58,250,73,271
char225.jpg	294,450,310,469
char226.jpg	286,465,300,483
char227.jpg	7,271,21,290
char228.jpg	7,283,22,301
char229.jpg	7,292,22,311
char230.jpg	33,243,47,260
char231.jpg	34,254,48,270
char232.jpg	35,262,48,278
char233.jpg	35,272,49,289
char234.jpg	36,280,50,301
char235.jpg	141,375,157,397
char236.jpg	156,372,171,393
char237.jpg	167,368,184,390
char238.jpg	140,342,154,361
char239.jpg	150,332,167,358
char240.jpg	167,334,182,353
char241.jpg	179,331,193,349
char242.jpg	188,328,204,346
char243.jpg	202,322,224,343
char244.jpg	218,318,237,338
char245.jpg	49,269,61,286
char246.jpg	50,279,63,298
char247.jpg	51,291,64,309
char248.jpg	80,252,93,267
char249.jpg	81,261,93,276
char250.jpg	83,270,95,286
char251.jpg	119,237,144,270
char252.jpg	114,234,132,258
char253.jpg	103,222,126,251
char254.jpg	100,207,121,233
char255.jpg	195,287,212,306
char256.jpg	227,276,247,296
char257.jpg	242,272,262,291
char258.jpg	254,268,275,287
char259.jpg	187,256,202,273
char260.jpg	198,248,215,268
char261.jpg	209,241,237,270
char262.jpg	230,241,248,258
char263.jpg	69,218,88,237
char264.jpg	71,230,89,248
char265.jpg	73,240,92,261
char266.jpg	412,40,433,61
char267.jpg	429,36,446,54
char268.jpg	443,28,461,48
char269.jpg	50,112,64,134
char270.jpg	62,119,74,135
char271.jpg	75,122,88,144
char272.jpg	96,207,131,226
char273.jpg	119,182,143,197
char274.jpg	126,171,152,189
char275.jpg	369,59,388,79
char276.jpg	385,54,402,72
char277.jpg	396,47,416,67
char278.jpg	85,122,97,146
char279.jpg	97,126,110,149
char280.jpg	110,123,122,147
char281.jpg	126,206,145,216
char282.jpg	131,198,151,210
char283.jpg	139,190,157,201
char284.jpg	144,181,165,195
char285.jpg	152,173,172,186
char286.jpg	90,193,121,209
char287.jpg	98,186,118,197
char288.jpg	104,179,124,190
char289.jpg	62,103,78,121
char290.jpg	80,107,92,123
char291.jpg	90,106,103,123
char292.jpg	317,42,343,71
char293.jpg	335,52,354,72
char294.jpg	346,54,370,81
char295.jpg	393,122,410,136
char296.jpg	389,105,406,121
char297.jpg	383,86,402,103
char298.jpg	421,181,435,200
char299.jpg	418,173,429,186
char300.jpg	416,162,427,176
char301.jpg	407,126,420,147
char302.jpg	387,177,406,198
char303.jpg	383,164,403,182
char304.jpg	378,148,397,164
char305.jpg	372,131,394,151
char306.jpg	265,11,279,36
char307.jpg	278,11,297,36
char308.jpg	295,11,314,36
char309.jpg	315,11,333,36
char310.jpg	332,11,347,36
char311.jpg	345,11,365,37
char312.jpg	364,11,382,37
char313.jpg	266,43,282,69
char314.jpg	281,44,298,69
char315.jpg	297,44,316,70
char316.jpg	315,44,334,70
char317.jpg	333,44,353,70
char318.jpg	352,44,379,70
char319.jpg	378,44,395,70
char320.jpg	217,76,236,102
char321.jpg	236,76,253,102
char322.jpg	252,76,270,103
char323.jpg	271,77,288,103
char324.jpg	286,77,309,103
char325.jpg	333,77,348,104
char326.jpg	371,78,391,104
char327.jpg	391,78,407,105
char328.jpg	404,72,425,105
char329.jpg	269,111,278,125
char330.jpg	278,111,291,125
char331.jpg	290,112,302,125
char332.jpg	301,112,314,125
char333.jpg	313,112,326,130
char334.jpg	325,112,337,126
char335.jpg	335,112,348,126
char336.jpg	365,108,382,126
char337.jpg	381,113,394,127
char338.jpg	394,113,409,127
char339.jpg	408,113,421,127
char340.jpg	421,114,433,127
char341.jpg	303,137,314,151
char342.jpg	313,137,327,151
char343.jpg	344,138,355,151
char344.jpg	354,138,367,152
char345.jpg	366,138,378,152
char346.jpg	378,138,391,152
char347.jpg	389,139,401,152
char348.jpg	401,139,415,153
char349.jpg	298,151,318,171
char350.jpg	320,154,340,172
char351.jpg	340,155,361,173
char352.jpg	361,154,381,172
char353.jpg	380,151,406,170
char354.jpg	321,175,337,192
char355.jpg	333,184,351,204
char356.jpg	349,189,365,207
char357.jpg	364,192,376,207
char358.jpg	378,193,390,207
char359.jpg	388,191,402,211
char360.jpg	406,188,420,205
char361.jpg	419,183,437,200
char362.jpg	424,26,438,48
char363.jpg	433,26,447,48
char364.jpg	462,31,476,48
char365.jpg	419,48,440,69
char366.jpg	439,53,452,70
char367.jpg	447,53,464,70
char368.jpg	418,74,431,91
char369.jpg	428,74,444,91
char370.jpg	443,74,457,91
char371.jpg	454,74,467,91
char372.jpg	85,423,104,437
char373.jpg	102,423,119,437
char374.jpg	118,421,138,436
char375.jpg	490,298,509,324
char376.jpg	503,298,522,325
char377.jpg	516,303,534,327
char378.jpg	528,305,552,332
char379.jpg	403,396,422,443
char380.jpg	441,396,476,443
char381.jpg	472,411,494,443
char382.jpg	65,370,84,382
char383.jpg	81,370,98,383
char384.jpg	94,370,115,386
char385.jpg	68,396,94,417
char386.jpg	93,402,110,414
char387.jpg	125,403,143,415
char388.jpg	544,265,564,302
char389.jpg	553,269,571,303
char390.jpg	560,270,581,307
char391.jpg	502,377,520,407
char392.jpg	515,379,533,407
char393.jpg	530,379,550,409
char394.jpg	128,414,145,427
char395.jpg	146,416,159,426
char396.jpg	158,414,175,425
char397.jpg	544,304,561,332
char398.jpg	566,309,588,337
char399.jpg	577,319,593,338
char400.jpg	586,323,601,340
char401.jpg	452,353,471,379
char402.jpg	467,346,488,373
char403.jpg	486,346,506,370
char404.jpg	504,348,520,370
char405.jpg	518,348,538,373
char406.jpg	535,351,559,379
char407.jpg	507,426,520,443
char408.jpg	528,426,540,443
char409.jpg	537,426,547,441
char410.jpg	542,422,555,441
char411.jpg	551,426,566,449
char412.jpg	418,385,426,398
char413.jpg	432,384,442,400
char414.jpg	441,386,450,402
char415.jpg	448,384,456,396
char416.jpg	454,384,463,396
char417.jpg	462,386,470,396
char418.jpg	469,384,476,396
char419.jpg	474,379,484,396
char420.jpg	481,384,491,398
char421.jpg	490,386,499,396
char422.jpg	496,384,506,396
char423.jpg	491,68,504,83
char424.jpg	505,69,517,84
char425.jpg	516,70,528,86
char426.jpg	491,94,506,106
char427.jpg	505,95,517,107
char428.jpg	516,97,529,108
char429.jpg	17,7,83,63
char430.jpg	71,24,121,63
char431.jpg	110,24,171,80
char432.jpg	556,11,568,26
char433.jpg	568,8,580,22
char434.jpg	581,5,591,19
char435.jpg	557,33,568,45
char436.jpg	569,30,582,42
char437.jpg	580,27,591,42
char438.jpg	556,53,569,68
char439.jpg	570,49,581,61
char440.jpg	580,46,591,59
char441.jpg	277,19,294,32
char442.jpg	291,21,304,32
char443.jpg	314,22,330,32
char444.jpg	328,22,342,32
char445.jpg	340,22,354,32
char446.jpg	351,22,368,35
char447.jpg	379,22,393,32
char448.jpg	390,22,408,32
char449.jpg	405,22,421,35
char450.jpg	420,22,434,33
char451.jpg	432,22,445,33
char452.jpg	443,22,460,33
char453.jpg	458,22,473,33
char454.jpg	470,22,485,33
char455.jpg	56,73,93,103
char456.jpg	85,82,109,103
char457.jpg	105,84,131,104
char458.jpg	126,82,152,103
char459.jpg	346,5,366,20
char460.jpg	364,5,382,20
char461.jpg	401,4,422,20
char462.jpg	420,5,440,20
char463.jpg	296,42,313,57
char464.jpg	310,42,332,57
char465.jpg	326,42,352,62
char466.jpg	352,42,370,58
char467.jpg	365,43,385,58
char468.jpg	383,43,404,58
char469.jpg	423,43,442,58
char470.jpg	439,43,460,59
char471.jpg	69,5,92,19
char472.jpg	89,10,101,19
char473.jpg	112,10,128,24
char474.jpg	125,10,139,20
char475.jpg	135,10,154,23
char476.jpg	150,10,163,20
char477.jpg	160,10,172,20
char478.jpg	168,10,184,20
char479.jpg	181,10,199,20
char480.jpg	197,10,210,20
char481.jpg	513,44,524,61
char482.jpg	526,40,540,57
char483.jpg	540,36,554,52
char484.jpg	267,66,278,75
char485.jpg	276,66,289,75
char486.jpg	298,67,309,75
char487.jpg	306,67,319,78
char488.jpg	318,67,329,75
char489.jpg	338,67,349,76
char490.jpg	348,67,360,76
char491.jpg	358,68,369,76
char492.jpg	367,68,377,76
char493.jpg	376,68,386,76
char494.jpg	385,68,397,76
char495.jpg	394,68,405,77
char496.jpg	505,3,521,18
char497.jpg	520,4,531,14
char498.jpg	533,0,544,13
char1.jpg	466,363,478,379
char2.jpg	475,361,487,379
char3.jpg	484,361,498,380
char4.jpg	494,361,506,379
char5.jpg	504,363,518,386
char6.jpg	513,363,527,379
char7.jpg	535,361,547,379
char8.jpg	543,356,558,380
char9.jpg	126,71,143,86
char10.jpg	141,71,159,86
char11.jpg	159,70,176,85
char12.jpg	521,296,541,316
char13.jpg	548,303,567,320
char14.jpg	561,304,580,322
char15.jpg	572,301,595,326
char16.jpg	134,161,146,174
char17.jpg	152,169,163,179
char18.jpg	167,172,177,181
char19.jpg	397,384,433,433
char20.jpg	426,389,463,443
char21.jpg	459,389,493,443
char22.jpg	486,386,515,426
char23.jpg	511,379,544,435
char24.jpg	530,277,551,297
char25.jpg	546,281,566,299
char26.jpg	561,281,583,300
char27.jpg	106,53,123,64
char28.jpg	121,56,138,68
char29.jpg	138,59,154,68
char30.jpg	154,59,171,68
char31.jpg	173,57,188,67
char32.jpg	188,55,204,65
char33.jpg	204,51,223,61
char34.jpg	145,155,155,164
char35.jpg	155,155,167,166
char36.jpg	168,158,178,167
char37.jpg	145,176,157,187
char38.jpg	159,179,168,188
char39.jpg	168,180,179,189
char40.jpg	135,30,146,39
char41.jpg	144,30,162,38
char42.jpg	162,29,173,38
char43.jpg	171,29,193,38
char44.jpg	192,28,207,37
char45.jpg	207,28,221,37
char46.jpg	219,27,234,36
char47.jpg	167,44,178,53
char48.jpg	176,44,190,53
char49.jpg	190,44,203,52
char50.jpg	234,47,258,82
char51.jpg	234,31,250,60
char52.jpg	227,6,250,43
