word1.jpg	170,242,198,281
word2.jpg	345,40,390,64
word3.jpg	371,16,449,52
word4.jpg	519,80,565,99
word5.jpg	305,22,349,46
word6.jpg	157,236,174,267
word7.jpg	263,5,318,31
word8.jpg	132,249,152,283
word9.jpg	452,31,508,53
word1.jpg	170,242,198,281
word2.jpg	345,40,390,64
word3.jpg	371,16,449,52
word4.jpg	519,80,565,99
word5.jpg	305,22,349,46
word6.jpg	157,236,174,267
word7.jpg	263,5,318,31
word8.jpg	132,249,152,283
word9.jpg	452,31,508,53
word1.jpg	18,28,65,45
word2.jpg	532,10,599,33
word3.jpg	73,16,147,42
word4.jpg	519,30,600,58
word5.jpg	52,43,168,82
word6.jpg	103,89,153,108
word7.jpg	492,90,541,110
word1.jpg	324,22,447,70
word2.jpg	167,233,196,276
word3.jpg	-2,7,79,34
word4.jpg	275,5,332,29
word5.jpg	141,241,173,287
word6.jpg	111,3,198,41
word7.jpg	441,9,493,37
word8.jpg	185,241,212,276
word9.jpg	341,6,385,26
word10.jpg	69,31,142,59
